	Simulated 
	actual 
993	-220.9661278
993.0322847	-221.1944834
993.0645715	-221.4230685
993.0968604	-221.6518832
993.1291514	-221.8809275
993.1614445	-222.1102017
993.1937397	-222.3397056
993.226037	-222.5694393
993.2583364	-222.799403
993.2906379	-223.0295968
993.3229415	-223.2600205
993.3552472	-223.4906744
993.387555	-223.7215584
993.4198649	-223.9526727
993.4521769	-224.1840173
993.484491	-224.4155923
993.5168072	-224.6473977
993.5491255	-224.8794335
993.5814459	-225.1116999
993.6137684	-225.3441968
993.646093	-225.5769244
993.6784198	-225.8098826
993.7107486	-226.0430716
993.7430795	-226.2764914
993.7754125	-226.5101421
993.8077477	-226.7440236
993.8400849	-226.978136
993.8724243	-227.2124795
993.9047657	-227.4470539
993.9371093	-227.6818595
993.9694549	-227.9168961
994.0018027	-228.1521639
994.0341526	-228.387663
994.0665046	-228.6233932
994.0988586	-228.8593548
994.1312148	-229.0955477
994.1635731	-229.3319719
994.1959335	-229.5686276
994.228296	-229.8055147
994.2606607	-230.0426333
994.2930274	-230.2799833
994.3253962	-230.517565
994.3577671	-230.7553782
994.3901402	-230.993423
994.4225153	-231.2316994
994.4548926	-231.4702075
994.487272	-231.7089474
994.5196535	-231.9479189
994.552037	-232.1871222
994.5844227	-232.4265572
994.6168105	-232.6662241
994.6492005	-232.9061228
994.6815925	-233.1462533
994.7139866	-233.3866157
994.7463829	-233.62721
994.7787812	-233.8680362
994.8111817	-234.1090944
994.8435843	-234.3503844
994.875989	-234.5919065
994.9083958	-234.8336605
994.9408047	-235.0756464
994.9732157	-235.3178644
995.0056288	-235.5603144
995.0380441	-235.8029965
995.0704614	-236.0459105
995.1028809	-236.2890566
995.1353025	-236.5324347
995.1677262	-236.7760449
995.200152	-237.0198872
995.2325799	-237.2639615
995.2650099	-237.5082679
995.2974421	-237.7528063
995.3298763	-237.9975768
995.3623127	-238.2425794
995.3947512	-238.487814
995.4271918	-238.7332807
995.4596345	-238.9789794
995.4920794	-239.2249102
995.5245263	-239.4710731
995.5569754	-239.7174679
995.5894266	-239.9640948
995.6218798	-240.2109538
995.6543353	-240.4580447
995.6867928	-240.7053676
995.7192524	-240.9529225
995.7517142	-241.2007093
995.7841781	-241.4487281
995.8166441	-241.6969789
995.8491122	-241.9454615
995.8815824	-242.194176
995.9140547	-242.4431224
995.9465292	-242.6923006
995.9790058	-242.9417107
996.0114845	-243.1913525
996.0439653	-243.4412262
996.0764482	-243.6913315
996.1089333	-243.9416686
996.1414205	-244.1922374
996.1739098	-244.4430378
996.2064012	-244.6940698
996.2388947	-244.9453334
996.2713903	-245.1968286
996.3038881	-245.4485553
996.336388	-245.7005134
996.36889	-245.952703
996.4013941	-246.205124
996.4339004	-246.4577763
996.4664088	-246.71066
996.4989193	-246.9637749
996.5314319	-247.217121
996.5639466	-247.4706983
996.5964635	-247.7245067
996.6289825	-247.9785462
996.6615036	-248.2328167
996.6940268	-248.4873181
996.7265521	-248.7420505
996.7590796	-248.9970137
996.7916092	-249.2522078
996.8241409	-249.5076326
996.8566748	-249.763288
996.8892107	-250.0191741
996.9217488	-250.2752907
996.954289	-250.5316378
996.9868314	-250.7882154
997.0193758	-251.0450233
997.0519224	-251.3020615
997.0844711	-251.5593299
997.117022	-251.8168284
997.1495749	-252.0745571
997.18213	-252.3325157
997.2146872	-252.5907043
997.2472466	-252.8491227
997.2798081	-253.1077709
997.3123716	-253.3666487
997.3449374	-253.6257562
997.3775052	-253.8850932
997.4100752	-254.1446597
997.4426473	-254.4044554
997.4752215	-254.6644805
997.5077979	-254.9247347
997.5403764	-255.185218
997.572957	-255.4459303
997.6055397	-255.7068715
997.6381246	-255.9680415
997.6707116	-256.2294402
997.7033007	-256.4910675
997.735892	-256.7529233
997.7684853	-257.0150075
997.8010809	-257.27732
997.8336785	-257.5398607
997.8662783	-257.8026295
997.8988802	-258.0656262
997.9314842	-258.3288508
997.9640904	-258.5923032
997.9966987	-258.8559832
998.0293091	-259.1198908
998.0619217	-259.3840257
998.0945364	-259.648388
998.1271532	-259.9129774
998.1597721	-260.1777939
998.1923932	-260.4428373
998.2250164	-260.7081075
998.2576418	-260.9736044
998.2902693	-261.2393278
998.3228989	-261.5052776
998.3555306	-261.7714538
998.3881645	-262.0378561
998.4208005	-262.3044844
998.4534387	-262.5713385
998.486079	-262.8384185
998.5187214	-263.105724
998.5513659	-263.373255
998.5840126	-263.6410113
998.6166614	-263.9089927
998.6493124	-264.1771992
998.6819655	-264.4456306
998.7146207	-264.7142867
998.7472781	-264.9831674
998.7799376	-265.2522724
998.8125992	-265.5216018
998.845263	-265.7911552
998.8779289	-266.0609326
998.9105969	-266.3309338
998.9432671	-266.6011586
998.9759394	-266.8716068
999.0086139	-267.1422783
999.0412905	-267.4131729
999.0739692	-267.6842905
999.1066501	-267.9556309
999.1393331	-268.2271938
999.1720182	-268.4989792
999.2047055	-268.7709868
999.2373949	-269.0432165
999.2700865	-269.3156681
999.3027802	-269.5883413
999.335476	-269.8612361
999.368174	-270.1343522
999.4008741	-270.4076895
999.4335764	-270.6812476
999.4662808	-270.9550266
999.4989873	-271.229026
999.531696	-271.5032459
999.5644068	-271.7776859
999.5971198	-272.0523458
999.6298349	-272.3272255
999.6625521	-272.6023248
999.6952715	-272.8776434
999.727993	-273.1531811
999.7607167	-273.4289377
999.7934425	-273.7049131
999.8261705	-273.9811069
999.8589006	-274.257519
999.8916328	-274.5341492
999.9243672	-274.8109972
999.9571037	-275.0880628
999.9898424	-275.3653458
1000.022583	-275.642846
1000.055326	-275.9205631
1000.088071	-276.1984969
1000.120819	-276.4766471
1000.153568	-276.7550136
1000.186319	-277.033596
1000.219073	-277.3123943
1000.251829	-277.591408
1000.284587	-277.870637
1000.317347	-278.150081
1000.350109	-278.4297398
1000.382874	-278.7096131
1000.41564	-278.9897006
1000.448409	-279.2700022
1000.48118	-279.5505175
1000.513953	-279.8312463
1000.546728	-280.1121884
1000.579505	-280.3933434
1000.612285	-280.6747112
1000.645066	-280.9562913
1000.67785	-281.2380837
1000.710636	-281.5200879
1000.743424	-281.8023038
1000.776214	-282.084731
1000.809006	-282.3673692
1000.841801	-282.6502183
1000.874598	-282.9332778
1000.907396	-283.2165476
1000.940197	-283.5000273
1000.973	-283.7837167
1001.005806	-284.0676153
1001.038613	-284.3517231
1001.071422	-284.6360396
1001.104234	-284.9205645
1001.137048	-285.2052976
1001.169864	-285.4902385
1001.202682	-285.775387
1001.235502	-286.0607428
1001.268325	-286.3463054
1001.301149	-286.6320747
1001.333976	-286.9180502
1001.366805	-287.2042318
1001.399636	-287.490619
1001.432469	-287.7772115
1001.465305	-288.064009
1001.498142	-288.3510112
1001.530982	-288.6382178
1001.563824	-288.9256284
1001.596668	-289.2132427
1001.629514	-289.5010603
1001.662362	-289.789081
1001.695212	-290.0773043
1001.728065	-290.3657299
1001.76092	-290.6543575
1001.793777	-290.9431868
1001.826636	-291.2322173
1001.859497	-291.5214487
1001.89236	-291.8108807
1001.925226	-292.1005129
1001.958093	-292.390345
1001.990963	-292.6803765
1002.023835	-292.9706072
1002.056709	-293.2610366
1002.089586	-293.5516643
1002.122464	-293.8424901
1002.155345	-294.1335135
1002.188228	-294.4247342
1002.221112	-294.7161517
1002.254	-295.0077656
1002.286889	-295.2995757
1002.31978	-295.5915815
1002.352674	-295.8837826
1002.385569	-296.1761786
1002.418467	-296.4687691
1002.451367	-296.7615537
1002.48427	-297.0545321
1002.517174	-297.3477037
1002.55008	-297.6410683
1002.582989	-297.9346253
1002.6159	-298.2283745
1002.648813	-298.5223153
1002.681728	-298.8164473
1002.714645	-299.1107702
1002.747565	-299.4052835
1002.780487	-299.6999867
1002.81341	-299.9948795
1002.846336	-300.2899614
1002.879265	-300.585232
1002.912195	-300.8806908
1002.945127	-301.1763374
1002.978062	-301.4721714
1003.010999	-301.7681923
1003.043938	-302.0643997
1003.076879	-302.3607931
1003.109822	-302.657372
1003.142767	-302.9541361
1003.175715	-303.2510847
1003.208665	-303.5482176
1003.241617	-303.8455342
1003.274571	-304.1430341
1003.307527	-304.4407167
1003.340486	-304.7385816
1003.373446	-305.0366284
1003.406409	-305.3348565
1003.439374	-305.6332655
1003.472341	-305.9318549
1003.50531	-306.2306242
1003.538282	-306.5295728
1003.571255	-306.8287004
1003.604231	-307.1280065
1003.637209	-307.4274904
1003.670189	-307.7271518
1003.703171	-308.02699
1003.736156	-308.3270047
1003.769142	-308.6271953
1003.802131	-308.9275613
1003.835122	-309.2281021
1003.868115	-309.5288173
1003.90111	-309.8297062
1003.934108	-310.1307685
1003.967107	-310.4320036
1004.000109	-310.7334109
1004.033113	-311.0349899
1004.066119	-311.3367401
1004.099128	-311.6386609
1004.132138	-311.9407518
1004.165151	-312.2430122
1004.198165	-312.5454416
1004.231182	-312.8480395
1004.264202	-313.1508052
1004.297223	-313.4537383
1004.330246	-313.7568381
1004.363272	-314.0601041
1004.3963	-314.3635358
1004.42933	-314.6671325
1004.462362	-314.9708937
1004.495396	-315.2748188
1004.528433	-315.5789072
1004.561472	-315.8831584
1004.594512	-316.1875717
1004.627555	-316.4921466
1004.660601	-316.7968825
1004.693648	-317.1017788
1004.726698	-317.4068348
1004.759749	-317.71205
1004.792803	-318.0174239
1004.825859	-318.3229556
1004.858918	-318.6286448
1004.891978	-318.9344907
1004.925041	-319.2404927
1004.958105	-319.5466502
1004.991172	-319.8529626
1005.024242	-320.1594292
1005.057313	-320.4660495
1005.090386	-320.7728228
1005.123462	-321.0797484
1005.15654	-321.3868257
1005.18962	-321.6940541
1005.222702	-322.001433
1005.255786	-322.3089616
1005.288873	-322.6166393
1005.321962	-322.9244655
1005.355053	-323.2324394
1005.388146	-323.5405606
1005.421241	-323.8488282
1005.454338	-324.1572416
1005.487438	-324.4658001
1005.52054	-324.7745031
1005.553644	-325.0833499
1005.58675	-325.3923397
1005.619858	-325.701472
1005.652969	-326.010746
1005.686082	-326.320161
1005.719196	-326.6297163
1005.752314	-326.9394113
1005.785433	-327.2492452
1005.818554	-327.5592173
1005.851678	-327.8693269
1005.884804	-328.1795733
1005.917932	-328.4899558
1005.951062	-328.8004736
1005.984194	-329.1111261
1006.017329	-329.4219125
1006.050465	-329.7328321
1006.083604	-330.0438841
1006.116745	-330.3550678
1006.149889	-330.6663825
1006.183034	-330.9778274
1006.216182	-331.2894018
1006.249331	-331.6011049
1006.282483	-331.9129359
1006.315638	-332.2248942
1006.348794	-332.5369789
1006.381952	-332.8491894
1006.415113	-333.1615247
1006.448276	-333.4739841
1006.481441	-333.786567
1006.514608	-334.0992724
1006.547778	-334.4120996
1006.58095	-334.7250479
1006.614123	-335.0381164
1006.6473	-335.3513043
1006.680478	-335.6646108
1006.713658	-335.9780352
1006.746841	-336.2915766
1006.780025	-336.6052343
1006.813212	-336.9190073
1006.846402	-337.232895
1006.879593	-337.5468964
1006.912787	-337.8610108
1006.945982	-338.1752374
1006.97918	-338.4895752
1007.01238	-338.8040235
1007.045583	-339.1185815
1007.078787	-339.4332482
1007.111994	-339.7480229
1007.145203	-340.0629047
1007.178414	-340.3778928
1007.211627	-340.6929862
1007.244842	-341.0081842
1007.27806	-341.3234859
1007.31128	-341.6388904
1007.344502	-341.9543968
1007.377726	-342.2700043
1007.410952	-342.585712
1007.444181	-342.901519
1007.477412	-343.2174244
1007.510645	-343.5334273
1007.54388	-343.8495269
1007.577117	-344.1657223
1007.610357	-344.4820125
1007.643598	-344.7983967
1007.676842	-345.1148739
1007.710088	-345.4314432
1007.743337	-345.7481037
1007.776587	-346.0648546
1007.80984	-346.3816948
1007.843095	-346.6986235
1007.876352	-347.0156397
1007.909611	-347.3327425
1007.942873	-347.6499309
1007.976136	-347.9672041
1008.009402	-348.284561
1008.04267	-348.6020008
1008.075941	-348.9195224
1008.109213	-349.2371249
1008.142488	-349.5548074
1008.175765	-349.8725689
1008.209044	-350.1904084
1008.242325	-350.5083249
1008.275608	-350.8263175
1008.308894	-351.1443852
1008.342182	-351.4625271
1008.375472	-351.780742
1008.408764	-352.0990291
1008.442058	-352.4173873
1008.475355	-352.7358157
1008.508654	-353.0543132
1008.541955	-353.3728789
1008.575258	-353.6915117
1008.608564	-354.0102106
1008.641871	-354.3289746
1008.675181	-354.6478027
1008.708493	-354.9666938
1008.741807	-355.2856469
1008.775124	-355.6046611
1008.808442	-355.9237351
1008.841763	-356.2428681
1008.875086	-356.562059
1008.908411	-356.8813067
1008.941739	-357.2006101
1008.975069	-357.5199682
1009.0084	-357.83938
1009.041734	-358.1588444
1009.075071	-358.4783603
1009.108409	-358.7979266
1009.14175	-359.1175423
1009.175093	-359.4372062
1009.208438	-359.7569174
1009.241785	-360.0766747
1009.275134	-360.396477
1009.308486	-360.7163232
1009.34184	-361.0362123
1009.375196	-361.356143
1009.408554	-361.6761144
1009.441915	-361.9961253
1009.475278	-362.3161746
1009.508642	-362.6362611
1009.54201	-362.9563838
1009.575379	-363.2765415
1009.60875	-363.5967331
1009.642124	-363.9169574
1009.6755	-364.2372133
1009.708878	-364.5574997
1009.742258	-364.8778154
1009.775641	-365.1981593
1009.809026	-365.5185301
1009.842413	-365.8389268
1009.875802	-366.1593483
1009.909193	-366.4797932
1009.942587	-366.8002604
1009.975983	-367.1207489
1010.009381	-367.4412573
1010.042781	-367.7617845
1010.076183	-368.0823294
1010.109588	-368.4028906
1010.142995	-368.7234671
1010.176404	-369.0440577
1010.209815	-369.364661
1010.243229	-369.685276
1010.276644	-370.0059014
1010.310062	-370.3265359
1010.343482	-370.6471785
1010.376905	-370.9678278
1010.410329	-371.2884826
1010.443756	-371.6091417
1010.477185	-371.9298038
1010.510616	-372.2504678
1010.544049	-372.5711323
1010.577485	-372.8917962
1010.610923	-373.2124581
1010.644363	-373.5331168
1010.677805	-373.8537711
1010.711249	-374.1744196
1010.744696	-374.4950612
1010.778145	-374.8156945
1010.811596	-375.1363183
1010.845049	-375.4569313
1010.878505	-375.7775322
1010.911963	-376.0981197
1010.945422	-376.4186925
1010.978885	-376.7392494
1011.012349	-377.059789
1011.045816	-377.38031
1011.079284	-377.7008111
1011.112755	-378.0212911
1011.146229	-378.3417485
1011.179704	-378.662182
1011.213182	-378.9825905
1011.246662	-379.3029724
1011.280144	-379.6233265
1011.313628	-379.9436515
1011.347115	-380.2639459
1011.380603	-380.5842086
1011.414094	-380.904438
1011.447587	-381.2246329
1011.481083	-381.5447919
1011.514581	-381.8649136
1011.54808	-382.1849967
1011.581582	-382.5050398
1011.615087	-382.8250415
1011.648593	-383.1450006
1011.682102	-383.4649154
1011.715613	-383.7847848
1011.749126	-384.1046073
1011.782641	-384.4243815
1011.816159	-384.744106
1011.849679	-385.0637794
1011.883201	-385.3834003
1011.916725	-385.7029674
1011.950252	-386.0224791
1011.98378	-386.3419341
1012.017311	-386.6613309
1012.050844	-386.9806682
1012.08438	-387.2999445
1012.117917	-387.6191584
1012.151457	-387.9383083
1012.184999	-388.257393
1012.218544	-388.576411
1012.25209	-388.8953607
1012.285639	-389.2142408
1012.31919	-389.5330497
1012.352743	-389.8517861
1012.386298	-390.1704485
1012.419856	-390.4890354
1012.453416	-390.8075453
1012.486978	-391.1259768
1012.520542	-391.4443283
1012.554108	-391.7625985
1012.587677	-392.0807857
1012.621248	-392.3988886
1012.654821	-392.7169056
1012.688397	-393.0348352
1012.721974	-393.352676
1012.755554	-393.6704263
1012.789136	-393.9880848
1012.822721	-394.3056498
1012.856307	-394.62312
1012.889896	-394.9404937
1012.923487	-395.2577694
1012.95708	-395.5749456
1012.990676	-395.8920208
1013.024273	-396.2089934
1013.057873	-396.5258619
1013.091475	-396.8426248
1013.12508	-397.1592804
1013.158686	-397.4758273
1013.192295	-397.7922639
1013.225906	-398.1085886
1013.25952	-398.4247999
1013.293135	-398.7408962
1013.326753	-399.0568759
1013.360373	-399.3727375
1013.393995	-399.6884794
1013.42762	-400.0040999
1013.461246	-400.3195976
1013.494875	-400.6349708
1013.528506	-400.9502179
1013.56214	-401.2653374
1013.595775	-401.5803276
1013.629413	-401.8951869
1013.663053	-402.2099138
1013.696695	-402.5245066
1013.73034	-402.8389636
1013.763987	-403.1532834
1013.797636	-403.4674642
1013.831287	-403.7815045
1013.86494	-404.0954026
1013.898596	-404.4091568
1013.932254	-404.7227656
1013.965914	-405.0362273
1013.999577	-405.3495403
1014.033241	-405.6627028
1014.066908	-405.9757133
1014.100577	-406.2885702
1014.134249	-406.6012717
1014.167922	-406.9138162
1014.201598	-407.226202
1014.235276	-407.5384274
1014.268956	-407.8504909
1014.302639	-408.1623907
1014.336324	-408.4741251
1014.370011	-408.7856925
1014.4037	-409.0970912
1014.437392	-409.4083195
1014.471085	-409.7193756
1014.504781	-410.030258
1014.538479	-410.3409648
1014.57218	-410.6514945
1014.605883	-410.9618453
1014.639587	-411.2720155
1014.673295	-411.5820033
1014.707004	-411.8918072
1014.740716	-412.2014253
1014.77443	-412.5108559
1014.808146	-412.8200973
1014.841864	-413.1291479
1014.875585	-413.4380057
1014.909307	-413.7466693
1014.943033	-414.0551366
1014.97676	-414.3634062
1015.010489	-414.6714761
1015.044221	-414.9793447
1015.077955	-415.2870103
1015.111692	-415.5944709
1015.14543	-415.901725
1015.179171	-416.2087708
1015.212914	-416.5156064
1015.246659	-416.8222301
1015.280407	-417.1286402
1015.314156	-417.4348349
1015.347908	-417.7408125
1015.381663	-418.046571
1015.415419	-418.3521089
1015.449178	-418.6574242
1015.482939	-418.9625152
1015.516702	-419.2673801
1015.550467	-419.5720171
1015.584235	-419.8764245
1015.618005	-420.1806004
1015.651777	-420.4845431
1015.685552	-420.7882507
1015.719328	-421.0917214
1015.753107	-421.3949535
1015.786889	-421.697945
1015.820672	-422.0006943
1015.854458	-422.3031995
1015.888246	-422.6054588
1015.922036	-422.9074703
1015.955828	-423.2092322
1015.989623	-423.5107428
1016.02342	-423.8120001
1016.057219	-424.1130025
1016.09102	-424.4137479
1016.124824	-424.7142346
1016.15863	-425.0144608
1016.192438	-425.3144246
1016.226248	-425.6141242
1016.260061	-425.9135577
1016.293876	-426.2127232
1016.327693	-426.511619
1016.361513	-426.8102432
1016.395334	-427.108594
1016.429158	-427.4066694
1016.462984	-427.7044676
1016.496813	-428.0019867
1016.530643	-428.299225
1016.564476	-428.5961805
1016.598312	-428.8928514
1016.632149	-429.1892357
1016.665989	-429.4853317
1016.699831	-429.7811374
1016.733675	-430.076651
1016.767521	-430.3718706
1016.80137	-430.6667944
1016.835221	-430.9614203
1016.869074	-431.2557467
1016.902929	-431.5497715
1016.936787	-431.8434928
1016.970647	-432.1369089
1017.004509	-432.4300178
1017.038374	-432.7228176
1017.072241	-433.0153064
1017.10611	-433.3074824
1017.139981	-433.5993436
1017.173854	-433.8908881
1017.20773	-434.182114
1017.241608	-434.4730195
1017.275488	-434.7636026
1017.309371	-435.0538614
1017.343256	-435.343794
1017.377143	-435.6333986
1017.411032	-435.9226731
1017.444923	-436.2116157
1017.478817	-436.5002245
1017.512713	-436.7884975
1017.546612	-437.0764329
1017.580512	-437.3640287
1017.614415	-437.651283
1017.64832	-437.9381939
1017.682228	-438.2247594
1017.716137	-438.5109777
1017.750049	-438.7968468
1017.783963	-439.0823648
1017.81788	-439.3675298
1017.851798	-439.6523398
1017.885719	-439.936793
1017.919642	-440.2208873
1017.953568	-440.5046209
1017.987496	-440.7879918
1018.021426	-441.0709981
1018.055358	-441.3536379
1018.089292	-441.6359092
1018.123229	-441.9178101
1018.157168	-442.1993387
1018.191109	-442.480493
1018.225053	-442.7612711
1018.258999	-443.0416711
1018.292947	-443.3216909
1018.326897	-443.6013288
1018.36085	-443.8805827
1018.394804	-444.1594507
1018.428762	-444.4379309
1018.462721	-444.7160213
1018.496683	-444.99372
1018.530647	-445.271025
1018.564613	-445.5479344
1018.598581	-445.8244463
1018.632552	-446.1005587
1018.666525	-446.3762697
1018.7005	-446.6515773
1018.734478	-446.9264796
1018.768457	-447.2009747
1018.80244	-447.4750606
1018.836424	-447.7487353
1018.87041	-448.021997
1018.904399	-448.2948436
1018.93839	-448.5672733
1018.972384	-448.8392841
1019.006379	-449.110874
1019.040377	-449.3820412
1019.074378	-449.6527836
1019.10838	-449.9230994
1019.142385	-450.1929865
1019.176392	-450.4624431
1019.210401	-450.7314673
1019.244413	-451.0000569
1019.278426	-451.2682103
1019.312442	-451.5359253
1019.346461	-451.8032
1019.380481	-452.0700326
1019.414504	-452.3364211
1019.448529	-452.6023635
1019.482557	-452.8678579
1019.516587	-453.1329024
1019.550619	-453.397495
1019.584653	-453.6616338
1019.618689	-453.9253169
1019.652728	-454.1885424
1019.686769	-454.4513082
1019.720813	-454.7136126
1019.754858	-454.9754535
1019.788906	-455.236829
1019.822956	-455.4977373
1019.857009	-455.7581763
1019.891063	-456.0181442
1019.92512	-456.277639
1019.95918	-456.5366589
1019.993241	-456.7952018
1020	-456.8464462
1020.027305	-457.0532659
1020.061371	-457.3108493
1020.095439	-457.5679501
1020.12951	-457.8245662
1020.163583	-458.0806959
1020.197658	-458.3363373
1020.231736	-458.5914883
1020.265815	-458.8461471
1020.299897	-459.1003119
1020.333982	-459.3539806
1020.368068	-459.6071514
1020.402157	-459.8598225
1020.436248	-460.1119918
1020.470342	-460.3636576
1020.481677	-460.4472193
1020.504437	-460.6148178
1020.538535	-460.8654707
1020.572635	-461.1156144
1020.606738	-461.3652469
1020.640843	-461.6143663
1020.67495	-461.8629709
1020.709059	-462.1110587
1020.743171	-462.3586278
1020.777285	-462.6056764
1020.811401	-462.8522026
1020.845519	-463.0982045
1020.87964	-463.3436803
1020.913763	-463.5886281
1020.947888	-463.8330461
1020.96381	-463.9468936
1020.982016	-464.0769323
1021.016146	-464.320285
1021.050278	-464.5631022
1021.084413	-464.8053822
1021.118549	-465.0471231
1021.152688	-465.2883231
1021.18683	-465.5289802
1021.220973	-465.7690927
1021.255119	-466.0086588
1021.289267	-466.2476766
1021.323418	-466.4861443
1021.35757	-466.7240601
1021.391725	-466.9614221
1021.425883	-467.1982286
1021.446398	-467.3401842
1021.460042	-467.4344777
1021.494204	-467.6701677
1021.528368	-467.9052966
1021.562535	-468.1398628
1021.596703	-468.3738644
1021.630874	-468.6072997
1021.665048	-468.8401668
1021.699223	-469.0724639
1021.733401	-469.3041894
1021.767581	-469.5353414
1021.801764	-469.7659181
1021.835948	-469.9959177
1021.870135	-470.2253386
1021.904325	-470.454179
1021.929443	-470.6219242
1021.938516	-470.682437
1021.97271	-470.910111
1022.006906	-471.1371992
1022.041105	-471.3636999
1022.075305	-471.5896113
1022.109508	-471.8149317
1022.143714	-472.0396594
1022.177921	-472.2637926
1022.212131	-472.4873297
1022.246343	-472.7102689
1022.280558	-472.9326085
1022.314774	-473.1543468
1022.348994	-473.3754822
1022.383215	-473.5960129
1022.412945	-473.7870955
1022.417438	-473.8159372
1022.451664	-474.0352535
1022.485893	-474.2539601
1022.520123	-474.4720553
1022.554356	-474.6895375
1022.588591	-474.906405
1022.622828	-475.1226562
1022.657068	-475.3382893
1022.69131	-475.5533028
1022.725554	-475.767695
1022.759801	-475.9814644
1022.79405	-476.1946092
1022.828301	-476.4071279
1022.862554	-476.6190188
1022.89681	-476.8302803
1022.931068	-477.040911
1022.965328	-477.250909
1022.999591	-477.4602729
1023.033856	-477.6690011
1023.068123	-477.8770921
1023.102393	-478.0845441
1023.136664	-478.2913558
1023.170938	-478.4975255
1023.205215	-478.7030516
1023.239493	-478.9079327
1023.273774	-479.1121673
1023.308058	-479.3157537
1023.342343	-479.5186904
1023.376631	-479.7209761
1023.381322	-479.7485998
1023.410921	-479.9226091
1023.445214	-480.1235879
1023.479509	-480.3239111
1023.513806	-480.5235771
1023.548105	-480.7225846
1023.582407	-480.920932
1023.616711	-481.1186179
1023.651017	-481.3156408
1023.685325	-481.5119993
1023.719636	-481.7076919
1023.753949	-481.9027172
1023.788265	-482.0970738
1023.822583	-482.2907602
1023.856903	-482.4837751
1023.866199	-482.5359401
1023.891225	-482.6761171
1023.92555	-482.8677848
1023.959877	-483.0587767
1023.994206	-483.2490916
1024.028538	-483.438728
1024.062871	-483.6276846
1024.097208	-483.81596
1024.131546	-484.0035529
1024.165887	-484.1904621
1024.20023	-484.376686
1024.234575	-484.5622235
1024.268923	-484.7470733
1024.303273	-484.9312339
1024.337625	-485.1147042
1024.351536	-485.1887981
1024.37198	-485.2974829
1024.406337	-485.4795686
1024.440696	-485.6609602
1024.475058	-485.8416564
1024.509421	-486.0216559
1024.543787	-486.2009576
1024.578156	-486.3795601
1024.612527	-486.5574623
1024.6469	-486.7346629
1024.681275	-486.9111609
1024.715653	-487.0869549
1024.750033	-487.2620438
1024.784415	-487.4364265
1024.818799	-487.6101017
1024.837333	-487.7034143
1024.853186	-487.7830684
1024.887576	-487.9553254
1024.921967	-488.1268716
1024.956361	-488.2977059
1024.990757	-488.4678271
1025.025155	-488.6372342
1025.059556	-488.8059261
1025.093959	-488.9739016
1025.128365	-489.1411599
1025.162772	-489.3076997
1025.197182	-489.4735201
1025.231594	-489.6386199
1025.266009	-489.8029983
1025.300426	-489.9666542
1025.323591	-490.076392
1025.334845	-490.1295866
1025.369267	-490.2917944
1025.403691	-490.4532768
1025.438117	-490.6140327
1025.472545	-490.7740613
1025.506976	-490.9333615
1025.541409	-491.0919324
1025.575844	-491.2497731
1025.610282	-491.4068827
1025.644722	-491.5632604
1025.679164	-491.7189051
1025.713609	-491.8738161
1025.748056	-492.0279924
1025.782505	-492.1814333
1025.81031	-492.304736
1025.816957	-492.3341379
1025.851411	-492.4861053
1025.885867	-492.6373348
1025.920326	-492.7878255
1025.954786	-492.9375767
1025.98925	-493.0865875
1026.023715	-493.2348572
1026.058183	-493.3823851
1026.092653	-493.5291705
1026.127125	-493.6752124
1026.1616	-493.8205104
1026.196077	-493.9650636
1026.230557	-494.1088714
1026.265038	-494.2519331
1026.297492	-494.3858918
1026.334009	-494.5358155
1026.368497	-494.676635
1026.402988	-494.8167057
1026.437481	-494.9560272
1026.471977	-495.0945987
1026.506475	-495.2324198
1026.540975	-495.3694898
1026.575478	-495.5058081
1026.609983	-495.6413743
1026.64449	-495.7761879
1026.678999	-495.9102481
1026.713511	-496.0435547
1026.748025	-496.1761071
1026.782542	-496.3079047
1026.817061	-496.4389472
1026.851582	-496.5692341
1026.886105	-496.6987649
1026.920631	-496.8275393
1026.955159	-496.9555568
1026.989689	-497.082817
1027.024222	-497.2093195
1027.058757	-497.3350641
1027.093295	-497.4600503
1027.127834	-497.5842778
1027.162376	-497.7077462
1027.196921	-497.8304553
1027.231467	-497.9524048
1027.266016	-498.0735944
1027.273246	-498.0988569
1027.300568	-498.1940238
1027.335121	-498.3136928
1027.369677	-498.4326012
1027.404235	-498.5507487
1027.438796	-498.6681351
1027.473359	-498.7847602
1027.507924	-498.900624
1027.542492	-499.0157261
1027.577062	-499.1300665
1027.611634	-499.243645
1027.646209	-499.3564615
1027.680785	-499.468516
1027.715365	-499.5798083
1027.749946	-499.6903384
1027.761819	-499.728108
1027.78453	-499.8001062
1027.819116	-499.9091118
1027.853705	-500.017355
1027.888296	-500.1248358
1027.922889	-500.2315544
1027.957484	-500.3375107
1027.992082	-500.4427047
1028.026682	-500.5471366
1028.061285	-500.6508063
1028.09589	-500.7537141
1028.130497	-500.8558599
1028.165106	-500.957244
1028.199718	-501.0578665
1028.234332	-501.1577274
1028.250856	-501.2051284
1028.268949	-501.2568271
1028.303568	-501.3551657
1028.338189	-501.4527434
1028.372812	-501.5495604
1028.407438	-501.645617
1028.442066	-501.7409134
1028.476697	-501.8354499
1028.511329	-501.9292268
1028.545965	-502.0222444
1028.580602	-502.114503
1028.615242	-502.206003
1028.649884	-502.2967447
1028.684528	-502.3867285
1028.719175	-502.4759549
1028.74036	-502.530136
1028.753824	-502.5644241
1028.788476	-502.6521367
1028.82313	-502.7390931
1028.857786	-502.8252937
1028.892444	-502.910739
1028.927105	-502.9954296
1028.961768	-503.0793659
1028.996434	-503.1625485
1029.031102	-503.2449779
1029.065772	-503.3266547
1029.100444	-503.4075795
1029.135119	-503.4877529
1029.169796	-503.5671754
1029.204476	-503.6458478
1029.23033	-503.7040079
1029.239157	-503.7237707
1029.273842	-503.8009448
1029.308528	-503.8773708
1029.343217	-503.9530493
1029.377908	-504.0279812
1029.412602	-504.1021671
1029.447298	-504.1756078
1029.481996	-504.2483041
1029.516696	-504.3202568
1029.551399	-504.3914668
1029.586104	-504.4619348
1029.620812	-504.5316618
1029.655522	-504.6006485
1029.690234	-504.6688959
1029.720766	-504.7283107
1029.759666	-504.8031765
1029.794385	-504.8692116
1029.829106	-504.934511
1029.86383	-504.999076
1029.898557	-505.0629073
1029.933285	-505.1260062
1029.968016	-505.1883735
1030.00275	-505.2500104
1030.037485	-505.3109179
1030.072223	-505.3710972
1030.106964	-505.4305494
1030.141706	-505.4892755
1030.176451	-505.5472768
1030.211199	-505.6045545
1030.245948	-505.6611096
1030.2807	-505.7169435
1030.315455	-505.7720574
1030.350212	-505.8264524
1030.384971	-505.88013
1030.419732	-505.9330913
1030.454496	-505.9853377
1030.489262	-506.0368705
1030.524031	-506.0876911
1030.558801	-506.1378008
1030.593575	-506.187201
1030.62835	-506.2358931
1030.663128	-506.2838785
1030.697908	-506.3311588
1030.703043	-506.3380792
1030.732691	-506.3777352
1030.767476	-506.4236094
1030.802263	-506.4687828
1030.837052	-506.5132569
1030.871844	-506.5570333
1030.906639	-506.6001135
1030.941435	-506.6424992
1030.976234	-506.6841918
1031.011036	-506.7251931
1031.045839	-506.7655047
1031.080645	-506.8051282
1031.115454	-506.8440652
1031.150265	-506.8823176
1031.185078	-506.919887
1031.194885	-506.9303468
1031.219893	-506.9567751
1031.254711	-506.9929838
1031.289531	-507.0285147
1031.324354	-507.0633696
1031.359178	-507.0975505
1031.394006	-507.1310591
1031.428835	-507.1638972
1031.463667	-507.1960667
1031.498501	-507.2275696
1031.533338	-507.2584077
1031.568177	-507.288583
1031.603018	-507.3180974
1031.637862	-507.3469529
1031.672708	-507.3751515
1031.687196	-507.386682
1031.707556	-507.4026952
1031.742407	-507.429586
1031.77726	-507.4558259
1031.812116	-507.4814171
1031.846973	-507.5063616
1031.881834	-507.5306616
1031.916696	-507.5543191
1031.951561	-507.5773363
1031.986428	-507.5997154
1032.021298	-507.6214585
1032.05617	-507.6425679
1032.091044	-507.6630458
1032.125921	-507.6828945
1032.1608	-507.7021161
1032.179977	-507.7124178
1032.195681	-507.720713
1032.230565	-507.7386875
1032.265451	-507.7560419
1032.300339	-507.7727786
1032.33523	-507.7888999
1032.370123	-507.8044082
1032.405019	-507.8193059
1032.439917	-507.8335954
1032.474817	-507.8472792
1032.509719	-507.8603597
1032.544624	-507.8728394
1032.579532	-507.8847208
1032.614441	-507.8960065
1032.649353	-507.9066989
1032.673229	-507.9136706
1032.684268	-507.9168006
1032.719185	-507.9263142
1032.754104	-507.9352423
1032.789025	-507.9435875
1032.823949	-507.9513524
1032.858875	-507.9585397
1032.893804	-507.9651521
1032.928735	-507.9711923
1032.963668	-507.9766629
1032.998604	-507.9815667
1033.033542	-507.9859065
1033.068482	-507.989685
1033.103425	-507.992905
1033.13837	-507.9955693
1033.166954	-507.9973372
1033.173317	-507.9976807
1033.208267	-507.9992421
1033.243219	-508.0002563
1033.278174	-508.0007263
1033.313131	-508.0006549
1033.34809	-508.0000451
1033.383052	-507.9988997
1033.418016	-507.9972217
1033.452982	-507.9950142
1033.487951	-507.9922801
1033.522922	-507.9890224
1033.557896	-507.9852442
1033.592872	-507.9809484
1033.62785	-507.9761383
1033.66115	-507.9710841
1033.697813	-507.964987
1033.732799	-507.9586522
1033.767786	-507.9518153
1033.802776	-507.9444797
1033.837769	-507.9366484
1033.872764	-507.9283246
1033.907761	-507.9195116
1033.94276	-507.9102127
1033.977762	-507.9004309
1034.012767	-507.8901697
1034.047773	-507.8794323
1034.082782	-507.868222
1034.117794	-507.8565421
1034.152807	-507.844396
1034.187824	-507.831787
1034.222842	-507.8187184
1034.257863	-507.8051938
1034.292886	-507.7912164
1034.327912	-507.7767897
1034.36294	-507.7619172
1034.39797	-507.7466023
1034.433003	-507.7308485
1034.468038	-507.7146592
1034.503076	-507.698038
1034.538115	-507.6809884
1034.573158	-507.663514
1034.608202	-507.6456183
1034.643249	-507.6273048
1034.650962	-507.6232189
1034.678299	-507.6085773
1034.71335	-507.5894392
1034.748404	-507.5698942
1034.783461	-507.549946
1034.81852	-507.5295982
1034.853581	-507.5088544
1034.888645	-507.4877184
1034.923711	-507.4661939
1034.958779	-507.4442846
1034.99385	-507.4219942
1035.028923	-507.3993265
1035.063998	-507.3762853
1035.099076	-507.3528742
1035.134156	-507.3290972
1035.14658	-507.3205901
1035.169239	-507.3049581
1035.204324	-507.2804606
1035.239411	-507.2556086
1035.274501	-507.230406
1035.309593	-507.2048566
1035.344688	-507.1789644
1035.379785	-507.1527332
1035.414884	-507.1261669
1035.449986	-507.0992695
1035.48509	-507.072045
1035.520196	-507.0444972
1035.555305	-507.0166302
1035.590416	-506.988448
1035.62553	-506.9599545
1035.642672	-506.9459327
1035.660646	-506.9311538
1035.695764	-506.9020499
1035.730885	-506.8726468
1035.766008	-506.8429486
1035.801133	-506.8129593
1035.836261	-506.7826831
1035.871391	-506.7521241
1035.906524	-506.7212863
1035.941659	-506.6901739
1035.976796	-506.658791
1036.011936	-506.6271417
1036.047078	-506.5952303
1036.082223	-506.5630608
1036.11737	-506.5306375
1036.139241	-506.5103363
1036.152519	-506.4979646
1036.187671	-506.4650462
1036.222825	-506.4318867
1036.257981	-506.3984901
1036.29314	-506.3648609
1036.328301	-506.3310031
1036.363465	-506.2969211
1036.398631	-506.2626192
1036.433799	-506.2281017
1036.46897	-506.1933728
1036.504143	-506.1584369
1036.539319	-506.1232982
1036.574497	-506.0879612
1036.609677	-506.0524301
1036.636285	-506.025432
1036.64486	-506.0167093
1036.680045	-505.9808032
1036.715232	-505.9447161
1036.750422	-505.9084524
1036.785614	-505.8720166
1036.820809	-505.8354129
1036.856006	-505.7986459
1036.891206	-505.7617199
1036.926407	-505.7246394
1036.961612	-505.6874087
1036.996818	-505.6500325
1037.032027	-505.612515
1037.067239	-505.5748608
1037.102452	-505.5370743
1037.133807	-505.5033236
1037.172887	-505.4611224
1037.208108	-505.4229661
1037.243331	-505.3846954
1037.278557	-505.3463149
1037.313785	-505.3078292
1037.349016	-505.2692426
1037.384249	-505.2305599
1037.419484	-505.1917855
1037.454722	-505.1529239
1037.489962	-505.1139798
1037.525204	-505.0749576
1037.560449	-505.0358619
1037.595697	-504.9966974
1037.630946	-504.9574685
1037.666198	-504.9181798
1037.701453	-504.8788361
1037.73671	-504.8394417
1037.771969	-504.8000014
1037.807231	-504.7605196
1037.842495	-504.7210012
1037.877761	-504.6814505
1037.91303	-504.6418724
1037.948301	-504.6022713
1037.983575	-504.5626519
1038.018851	-504.5230188
1038.054129	-504.4833767
1038.08941	-504.4437302
1038.124693	-504.4040839
1038.130284	-504.3978021
1038.159979	-504.3644425
1038.195267	-504.3248106
1038.230557	-504.2851929
1038.26585	-504.2455939
1038.301145	-504.2060185
1038.336443	-504.1664711
1038.371743	-504.1269565
1038.407046	-504.0874793
1038.44235	-504.0480442
1038.477658	-504.0086559
1038.512967	-503.9693189
1038.548279	-503.930038
1038.583594	-503.8908178
1038.618911	-503.851663
1038.629242	-503.8402229
1038.65423	-503.8125783
1038.689551	-503.7735683
1038.724875	-503.7346376
1038.760202	-503.695791
1038.795531	-503.657033
1038.830862	-503.6183685
1038.866196	-503.5798019
1038.901532	-503.5413381
1038.93687	-503.5029816
1038.972211	-503.464737
1039.007554	-503.4266092
1039.0429	-503.3886026
1039.078248	-503.350722
1039.113599	-503.312972
1039.128679	-503.29691
1039.148951	-503.2753572
1039.184307	-503.2378824
1039.219664	-503.200552
1039.255025	-503.1633709
1039.290387	-503.1263435
1039.325752	-503.0894746
1039.361119	-503.0527687
1039.396489	-503.0162306
1039.431861	-502.9798647
1039.467236	-502.9436757
1039.502613	-502.9076683
1039.537992	-502.871847
1039.573374	-502.8362164
1039.608758	-502.8007812
1039.628596	-502.7810026
1039.644145	-502.7655458
1039.679534	-502.7305149
1039.714925	-502.6956931
1039.750319	-502.6610849
1039.785715	-502.626695
1039.821114	-502.5925277
1039.856515	-502.5585878
1039.891918	-502.5248797
1039.927324	-502.4914079
1039.962732	-502.4581771
1039.998143	-502.4251917
1040.033556	-502.3924562
1040.068972	-502.3599751
1040.10439	-502.327753
1040.128995	-502.3055239
1040.13981	-502.2957943
1040.175233	-502.2641034
1040.210658	-502.2326849
1040.246085	-502.2015432
1040.281515	-502.1706828
1040.316948	-502.140108
1040.352383	-502.1098233
1040.38782	-502.0798332
1040.42326	-502.050142
1040.458702	-502.0207541
1040.494146	-501.991674
1040.529593	-501.9629059
1040.565042	-501.9344543
1040.600494	-501.9063234
1040.629876	-501.8832567
1040.635948	-501.8785176
1040.671405	-501.8510413
1040.706864	-501.8238988
1040.742325	-501.7970943
1040.777789	-501.7706321
1040.813255	-501.7445166
1040.848724	-501.7187519
1040.884195	-501.6933423
1040.919668	-501.668292
1040.955144	-501.6436053
1040.990622	-501.6192863
1041.026103	-501.5953392
1041.061586	-501.5717683
1041.097072	-501.5485776
1041.131239	-501.5266131
1041.16805	-501.5033535
1041.203543	-501.4813283
1041.239038	-501.4596998
1041.274536	-501.4384721
1041.310036	-501.4176492
1041.345539	-501.3972352
1041.381044	-501.3772341
1041.416551	-501.3576499
1041.452061	-501.3384866
1041.487573	-501.3197481
1041.523087	-501.3014385
1041.558604	-501.2835615
1041.594124	-501.2661212
1041.629646	-501.2491215
1041.66517	-501.2325661
1041.700697	-501.216459
1041.736226	-501.200804
1041.771758	-501.1856049
1041.807292	-501.1708656
1041.842828	-501.1565896
1041.878367	-501.1427809
1041.913908	-501.1294432
1041.949452	-501.1165801
1041.984998	-501.1041953
1042.020546	-501.0922926
1042.056097	-501.0808755
1042.091651	-501.0699476
1042.127207	-501.0595127
1042.135417	-501.0571737
1042.162765	-501.0495741
1042.198326	-501.0401356
1042.233889	-501.0312006
1042.269454	-501.0227725
1042.305022	-501.014855
1042.340593	-501.0074514
1042.376165	-501.0005653
1042.411741	-500.9941998
1042.447318	-500.9883586
1042.482898	-500.9830449
1042.518481	-500.978262
1042.554066	-500.9740132
1042.589653	-500.9703019
1042.625243	-500.9671313
1042.638232	-500.9661095
1042.660835	-500.9645045
1042.69643	-500.9624249
1042.732027	-500.9608955
1042.767627	-500.9599195
1042.803229	-500.9595001
1042.838833	-500.9596402
1042.87444	-500.960343
1042.910049	-500.9616116
1042.945661	-500.9634488
1042.981275	-500.9658576
1043.016891	-500.9688411
1043.05251	-500.9724021
1043.088132	-500.9765436
1043.123756	-500.9812682
1043.141533	-500.9838449
1043.159382	-500.986579
1043.195011	-500.9924787
1043.230642	-500.99897
1043.266275	-501.0060556
1043.301912	-501.0137383
1043.33755	-501.0220208
1043.373191	-501.0309057
1043.408834	-501.0403955
1043.44448	-501.0504929
1043.480128	-501.0612004
1043.515779	-501.0725205
1043.551432	-501.0844556
1043.587087	-501.0970083
1043.622745	-501.1101809
1043.64532	-501.1188415
1043.658406	-501.1239758
1043.694069	-501.1383953
1043.729734	-501.1534418
1043.765401	-501.1691175
1043.801072	-501.1854246
1043.836744	-501.2023654
1043.872419	-501.219942
1043.908097	-501.2381566
1043.943777	-501.2570112
1043.979459	-501.2765079
1044.015144	-501.2966487
1044.050831	-501.3174356
1044.08652	-501.3388706
1044.122213	-501.3609556
1044.149594	-501.378339
1044.157907	-501.3836924
1044.193604	-501.4070829
1044.229303	-501.4311288
1044.265005	-501.455832
1044.30071	-501.4811942
1044.336416	-501.5072171
1044.372125	-501.5339022
1044.407837	-501.5612512
1044.443551	-501.5892658
1044.479268	-501.6179473
1044.514987	-501.6472973
1044.550708	-501.6773173
1044.586432	-501.7080086
1044.622158	-501.7393726
1044.654356	-501.7682144
1044.693618	-501.8041242
1044.729352	-501.8375142
1044.765088	-501.8715821
1044.800826	-501.9063289
1044.836567	-501.9417558
1044.87231	-501.9778638
1044.908056	-502.0146541
1044.943805	-502.0521276
1044.979555	-502.0902852
1045.015308	-502.1291279
1045.051064	-502.1686565
1045.086822	-502.2088719
1045.122583	-502.2497748
1045.158346	-502.2913661
1045.194111	-502.3336463
1045.229879	-502.3766161
1045.265649	-502.4202762
1045.301422	-502.4646271
1045.337197	-502.5096692
1045.372975	-502.5554032
1045.408755	-502.6018294
1045.444537	-502.6489482
1045.480322	-502.6967599
1045.51611	-502.7452648
1045.5519	-502.7944632
1045.587692	-502.8443553
1045.623487	-502.8949412
1045.659284	-502.946221
1045.665344	-502.9549703
1045.695084	-502.9981948
1045.730886	-503.0508626
1045.766691	-503.1042243
1045.802498	-503.1582799
1045.838307	-503.2130293
1045.874119	-503.2684722
1045.909933	-503.3246085
1045.94575	-503.3814378
1045.98157	-503.4389599
1046.017391	-503.4971743
1046.053216	-503.5560807
1046.089042	-503.6156786
1046.124871	-503.6759675
1046.160703	-503.7369468
1046.171572	-503.7555803
1046.196537	-503.7986158
1046.232374	-503.860974
1046.268212	-503.9240206
1046.304054	-503.9877548
1046.339898	-504.0521759
1046.375744	-504.1172829
1046.411593	-504.183075
1046.447444	-504.2495511
1046.483298	-504.3167103
1046.519154	-504.3845516
1046.555012	-504.4530737
1046.590874	-504.5222755
1046.626737	-504.5921558
1046.662603	-504.6627133
1046.678291	-504.6937869
1046.698471	-504.7339467
1046.734342	-504.8058546
1046.770216	-504.8784356
1046.806092	-504.9516882
1046.84197	-505.0256109
1046.877851	-505.100202
1046.913734	-505.17546
1046.949619	-505.2513832
1046.985507	-505.3279698
1047.021398	-505.4052181
1047.057291	-505.4831261
1047.093187	-505.5616919
1047.129084	-505.6409137
1047.164985	-505.7207894
1047.185501	-505.7667267
1047.200888	-505.801317
1047.236793	-505.8824942
1047.272701	-505.9643191
1047.308611	-506.0467892
1047.344524	-506.1299025
1047.380439	-506.2136564
1047.416357	-506.2980487
1047.452277	-506.3830769
1047.488199	-506.4687385
1047.524124	-506.5550309
1047.560052	-506.6419516
1047.595982	-506.7294979
1047.631914	-506.8176671
1047.667849	-506.9064563
1047.693203	-506.9694686
1047.703787	-506.9958629
1047.739726	-507.0858838
1047.775669	-507.1765163
1047.811613	-507.2677572
1047.847561	-507.3596035
1047.88351	-507.4520521
1047.919463	-507.5451
1047.955417	-507.6387438
1047.991374	-507.7329803
1048.027334	-507.8278061
1048.063296	-507.923218
1048.09926	-508.0192124
1048.135227	-508.1157859
1048.171197	-508.2129349
1048.201397	-508.2949385
1048.207169	-508.3106558
1048.243143	-508.4089449
1048.27912	-508.5077986
1048.315099	-508.6072131
1048.351081	-508.7071845
1048.387065	-508.8077089
1048.423052	-508.9087825
1048.459041	-509.0104012
1048.495033	-509.1125609
1048.531027	-509.2152576
1048.567024	-509.3184871
1048.603023	-509.4222451
1048.639024	-509.5265274
1048.675028	-509.6313297
1048.710084	-509.7338614
1048.747044	-509.8424764
1048.783055	-509.9488119
1048.819069	-510.0556494
1048.855085	-510.1629844
1048.891104	-510.270812
1048.927126	-510.3791277
1048.963149	-510.4879266
1048.999176	-510.5972039
1049.035204	-510.7069547
1049.071236	-510.8171739
1049.107269	-510.9278567
1049.143306	-511.0389979
1049.179344	-511.1505924
1049.215385	-511.2626349
1049.251429	-511.3751204
1049.287475	-511.4880434
1049.323524	-511.6013987
1049.359575	-511.7151808
1049.395628	-511.8293842
1049.431684	-511.9440034
1049.467743	-512.0590329
1049.503804	-512.174467
1049.539867	-512.2903
1049.575933	-512.4065262
1049.612001	-512.5231398
1049.648072	-512.6401349
1049.684146	-512.7575056
1049.720221	-512.8752459
1049.728942	-512.9037607
1049.7563	-512.9933498
1049.792381	-513.1118113
1049.828464	-513.2306242
1049.86455	-513.3497822
1049.900638	-513.4692793
1049.936728	-513.5891089
1049.972822	-513.7092649
1050.008917	-513.8297408
1050.045015	-513.9505301
1050.081116	-514.0716264
1050.117219	-514.1930229
1050.153325	-514.3147132
1050.189433	-514.4366905
1050.225543	-514.5589481
1050.239114	-514.6049603
1050.261657	-514.6814792
1050.297772	-514.8042769
1050.33389	-514.9273344
1050.370011	-515.0506447
1050.406134	-515.1742008
1050.442259	-515.2979957
1050.478387	-515.4220222
1050.514517	-515.5462731
1050.55065	-515.6707413
1050.586786	-515.7954195
1050.622924	-515.9203004
1050.659064	-516.0453765
1050.695207	-516.1706405
1050.731352	-516.2960849
1050.749781	-516.3601071
1050.7675	-516.4217022
1050.80365	-516.5474847
1050.839803	-516.6734249
1050.875959	-516.7995151
1050.912116	-516.9257475
1050.948277	-517.0521144
1050.984439	-517.1786079
1051.020605	-517.3052201
1051.056772	-517.4319432
1051.092943	-517.558769
1051.129115	-517.6856897
1051.165291	-517.8126971
1051.201468	-517.939783
1051.237649	-518.0669394
1051.260946	-518.1488467
1051.273831	-518.194158
1051.310016	-518.3214305
1051.346204	-518.4487485
1051.382394	-518.5761038
1051.418587	-518.7034879
1051.454782	-518.8308924
1051.49098	-518.9583087
1051.52718	-519.0857282
1051.563382	-519.2131424
1051.599588	-519.3405427
1051.635795	-519.4679203
1051.672005	-519.5952665
1051.708218	-519.7225726
1051.744433	-519.8498296
1051.772608	-519.9487882
1051.780651	-519.9770288
1051.816871	-520.1041611
1051.853093	-520.2312178
1051.889318	-520.3581897
1051.925546	-520.4850678
1051.961776	-520.611843
1051.998008	-520.7385062
1052.034244	-520.8650483
1052.070481	-520.99146
1052.106721	-521.117732
1052.142964	-521.2438552
1052.179209	-521.3698201
1052.215456	-521.4956174
1052.251706	-521.6212377
1052.284768	-521.7356402
1052.324214	-521.8719093
1052.360471	-521.9969417
1052.396731	-522.121759
1052.432994	-522.2463517
1052.469259	-522.3707101
1052.505526	-522.4948246
1052.541796	-522.6186854
1052.578069	-522.7422828
1052.614344	-522.8656071
1052.650622	-522.9886483
1052.686902	-523.1113968
1052.723184	-523.2338425
1052.759469	-523.3559756
1052.795757	-523.4777862
1052.832047	-523.5992642
1052.868339	-523.7203996
1052.904634	-523.8411825
1052.940932	-523.9616028
1052.977232	-524.0816503
1053.013534	-524.2013149
1053.049839	-524.3205864
1053.086147	-524.4394548
1053.122457	-524.5579097
1053.15877	-524.675941
1053.195085	-524.7935383
1053.231402	-524.9106914
1053.267722	-525.02739
1053.304045	-525.1436236
1053.310587	-525.1645074
1053.34037	-525.259382
1053.376697	-525.3746548
1053.413028	-525.4894314
1053.44936	-525.6037016
1053.485695	-525.7174548
1053.522033	-525.8306806
1053.558373	-525.9433685
1053.594716	-526.0555078
1053.631061	-526.1670882
1053.667408	-526.278099
1053.703759	-526.3885297
1053.740111	-526.4983696
1053.776466	-526.6076082
1053.812824	-526.7162348
1053.824247	-526.7502327
1053.849184	-526.8242388
1053.885547	-526.9316095
1053.921912	-527.0383363
1053.95828	-527.1444084
1053.99465	-527.2498152
1054.031023	-527.3545459
1054.067398	-527.4585898
1054.103776	-527.5619362
1054.140156	-527.6645744
1054.176539	-527.7664936
1054.212924	-527.867683
1054.249312	-527.9681318
1054.285702	-528.0678293
1054.322095	-528.1667647
1054.338407	-528.2108586
1054.35849	-528.2649273
1054.394888	-528.3623061
1054.431288	-528.4588904
1054.467691	-528.5546695
1054.504097	-528.6496325
1054.540505	-528.7437685
1054.576915	-528.8370669
1054.613328	-528.9295168
1054.649743	-529.0211073
1054.686161	-529.1118277
1054.722582	-529.2016672
1054.759005	-529.290615
1054.79543	-529.3786603
1054.831858	-529.4657922
1054.85307	-529.5161013
1054.868289	-529.5520001
1054.904722	-529.6372731
1054.941158	-529.7216004
1054.977596	-529.8049714
1055.014036	-529.8873751
1055.050479	-529.968801
1055.086925	-530.0492383
1055.123373	-530.1286762
1055.159824	-530.2071041
1055.196277	-530.2845112
1055.232733	-530.3608869
1055.269191	-530.4362205
1055.305652	-530.5105013
1055.342115	-530.5837188
1055.368236	-530.6355066
1055.378581	-530.6558623
1055.415049	-530.7269213
1055.45152	-530.796885
1055.487993	-530.8657432
1055.524469	-530.933485
1055.560948	-531.0001002
1055.597428	-531.0655782
1055.633912	-531.1299084
1055.670398	-531.1930807
1055.706886	-531.2550844
1055.743377	-531.3159092
1055.779871	-531.3755449
1055.816367	-531.433981
1055.852865	-531.4912073
1055.883905	-531.5389118
1055.889367	-531.5472136
1055.92587	-531.6019895
1055.962376	-531.6555251
1055.998885	-531.70781
1056.035396	-531.7588342
1056.07191	-531.8085877
1056.108426	-531.8570603
1056.144945	-531.9042421
1056.181466	-531.9501231
1056.21799	-531.9946935
1056.254516	-532.0379433
1056.291045	-532.0798627
1056.327577	-532.120442
1056.364111	-532.1596715
1056.400078	-532.1969623
1056.437186	-532.234042
1056.473728	-532.2691639
1056.510272	-532.3028975
1056.546818	-532.3352333
1056.583367	-532.3661619
1056.619919	-532.3956738
1056.656473	-532.4237599
1056.69303	-532.4504108
1056.729589	-532.4756173
1056.766151	-532.4993703
1056.802715	-532.5216608
1056.839282	-532.5424796
1056.875851	-532.5618178
1056.912423	-532.5796665
1056.948997	-532.596017
1056.985574	-532.6108605
1057.022154	-532.6241882
1057.058736	-532.6359915
1057.09532	-532.6462619
1057.131907	-532.6549909
1057.168497	-532.6621702
1057.205089	-532.6677913
1057.241684	-532.671846
1057.278281	-532.6743262
1057.31488	-532.6752237
1057.351483	-532.6745305
1057.388087	-532.6722387
1057.424695	-532.6683404
1057.43394	-532.6671009
1057.461305	-532.6628279
1057.497917	-532.6556934
1057.534532	-532.6469294
1057.571149	-532.6365284
1057.607769	-532.6244829
1057.644392	-532.6107855
1057.681017	-532.5954291
1057.717645	-532.5784065
1057.754275	-532.5597107
1057.790907	-532.5393346
1057.827543	-532.5172715
1057.86418	-532.4935145
1057.900821	-532.468057
1057.937464	-532.4408924
1057.95163	-532.4299318
1057.974109	-532.4120143
1058.010757	-532.3814164
1058.047407	-532.3490923
1058.08406	-532.315036
1058.120716	-532.2792414
1058.157374	-532.2417025
1058.194035	-532.2024137
1058.230698	-532.1613691
1058.267363	-532.1185632
1058.304032	-532.0739906
1058.340702	-532.0276458
1058.377376	-531.9795237
1058.414052	-531.9296191
1058.45073	-531.8779271
1058.469828	-531.8503043
1058.487411	-531.8244427
1058.524094	-531.7691613
1058.56078	-531.7120783
1058.597469	-531.6531891
1058.63416	-531.5924894
1058.670854	-531.529975
1058.70755	-531.4656417
1058.744249	-531.3994857
1058.78095	-531.3315031
1058.817654	-531.2616902
1058.85436	-531.1900434
1058.891069	-531.1165595
1058.92778	-531.041235
1058.964494	-530.9640668
1058.988533	-530.9125443
1059.001211	-530.8850521
1059.03793	-530.8041879
1059.074652	-530.7214716
1059.111376	-530.6369007
1059.148103	-530.5504727
1059.184832	-530.4621854
1059.221564	-530.3720368
1059.258298	-530.2800249
1059.295035	-530.1861479
1059.331775	-530.0904044
1059.368517	-529.9927927
1059.405261	-529.8933117
1059.442008	-529.7919602
1059.478758	-529.6887373
1059.507747	-529.6059983
1059.51551	-529.5836421
1059.552265	-529.4766742
1059.589022	-529.3678329
1059.625782	-529.257118
1059.662545	-529.1445295
1059.69931	-529.0300674
1059.736077	-528.913732
1059.772847	-528.7955236
1059.80962	-528.675443
1059.846395	-528.5534908
1059.883173	-528.429668
1059.919953	-528.3039759
1059.956736	-528.1764157
1059.993521	-528.046989
1060.02747	-527.9258974
1060.0671	-527.7825431
1060.103893	-527.647528
1060.140689	-527.5106543
1060.177487	-527.3719247
1060.214287	-527.2313418
1060.251091	-527.0889085
1060.287897	-526.9446279
1060.324705	-526.7985032
1060.361516	-526.6505381
1060.398329	-526.5007362
1060.435145	-526.3491014
1060.471964	-526.1956378
1060.508785	-526.0403499
1060.545609	-525.883242
1060.582435	-525.7243191
1060.619264	-525.563586
1060.656095	-525.401048
1060.692929	-525.2367105
1060.729766	-525.0705791
1060.766605	-524.9026598
1060.803447	-524.7329585
1060.840291	-524.5614816
1060.877138	-524.3882356
1060.913987	-524.2132273
1060.950839	-524.0364637
1060.987693	-523.857952
1061.02455	-523.6776998
1061.06141	-523.4957146
1061.068447	-523.4607725
1061.098272	-523.3120045
1061.135136	-523.1265776
1061.172004	-522.9394424
1061.208873	-522.7506075
1061.245746	-522.5600817
1061.282621	-522.3678744
1061.319498	-522.1739948
1061.356378	-521.9784527
1061.393261	-521.7812579
1061.430146	-521.5824206
1061.467034	-521.3819511
1061.503924	-521.1798603
1061.540817	-520.9761589
1061.577712	-520.7708582
1061.589703	-520.7037968
1061.61461	-520.5639695
1061.651511	-520.3555047
1061.688414	-520.1454757
1061.72532	-519.9338947
1061.762228	-519.7207742
1061.799139	-519.506127
1061.836052	-519.2899661
1061.872968	-519.0723048
1061.909887	-518.8531568
1061.946808	-518.6325359
1061.983731	-518.4104562
1062.020658	-518.1869321
1062.057586	-517.9619784
1062.094518	-517.73561
1062.111472	-517.6312291
1062.131452	-517.5078422
1062.168388	-517.2786905
1062.205327	-517.0481708
1062.242269	-516.8162991
1062.279213	-516.583092
1062.31616	-516.348566
1062.353109	-516.1127383
1062.390061	-515.875626
1062.427016	-515.6372468
1062.463973	-515.3976185
1062.500932	-515.1567594
1062.537895	-514.9146879
1062.574859	-514.6714227
1062.611827	-514.426983
1062.633753	-514.2814611
1062.648797	-514.1813882
1062.685769	-513.934658
1062.722744	-513.6868123
1062.759722	-513.4378715
1062.796702	-513.1878562
1062.833685	-512.9367873
1062.87067	-512.6846862
1062.907658	-512.4315742
1062.944649	-512.1774734
1062.981642	-511.922406
1063.018637	-511.6663944
1063.055636	-511.4094615
1063.092636	-511.1516304
1063.12964	-510.8929247
1063.156548	-510.7042722
1063.166646	-510.6333681
1063.203654	-510.3729849
1063.240665	-510.1117994
1063.277679	-509.8498364
1063.314695	-509.5871211
1063.351714	-509.323679
1063.388736	-509.0595357
1063.42576	-508.7947175
1063.462786	-508.5292509
1063.499815	-508.2631625
1063.536847	-507.9964796
1063.573881	-507.7292295
1063.610918	-507.4614403
1063.647958	-507.1931399
1063.679858	-506.9616915
1063.685	-506.9243569
1063.722044	-506.6551202
1063.759092	-506.385459
1063.796141	-506.1154027
1063.833194	-505.8449813
1063.870249	-505.5742251
1063.907306	-505.3031645
1063.944366	-505.0318307
1063.981429	-504.7602548
1064.018494	-504.4884685
1064.055562	-504.2165038
1064.092633	-503.9443931
1064.129706	-503.6721692
1064.166781	-503.3998651
1064.203684	-503.1288063
1064.24094	-502.8551504
1064.278024	-502.5828078
1064.31511	-502.3105209
1064.352198	-502.0383247
1064.389289	-501.7662545
1064.426383	-501.4943458
1064.463479	-501.2226346
1064.500578	-500.9511574
1064.53768	-500.6799508
1064.574784	-500.4090521
1064.61189	-500.1384985
1064.649	-499.8683281
1064.686111	-499.598579
1064.723226	-499.3292898
1064.728025	-499.2945034
1064.760343	-499.0604995
1064.797462	-498.7922475
1064.834584	-498.5245736
1064.871709	-498.2575177
1064.908837	-497.9911205
1064.945966	-497.7254227
1064.983099	-497.4604657
1065.020234	-497.196291
1065.057372	-496.9329407
1065.094512	-496.6704572
1065.131655	-496.4088833
1065.1688	-496.1482622
1065.205948	-495.8886373
1065.243099	-495.6300528
1065.252884	-495.5621291
1065.280252	-495.3725527
1065.317408	-495.116182
1065.354567	-494.8609858
1065.391728	-494.6070094
1065.428891	-494.3542988
1065.466057	-494.1029003
1065.503226	-493.8528606
1065.540398	-493.6042267
1065.577572	-493.357046
1065.614748	-493.1113665
1065.651927	-492.8672364
1065.689109	-492.6247043
1065.726293	-492.3838192
1065.76348	-492.1446306
1065.77826	-492.0500543
1065.80067	-491.9071884
1065.837862	-491.6715426
1065.875057	-491.437744
1065.912254	-491.2058436
1065.949454	-490.9758928
1065.986657	-490.7479434
1066.023862	-490.5220476
1066.06107	-490.2982581
1066.09828	-490.0766278
1066.135493	-489.8572102
1066.172708	-489.6400591
1066.209926	-489.4252287
1066.247147	-489.2127737
1066.28437	-489.002749
1066.304155	-488.8921341
1066.321596	-488.79521
1066.358825	-488.5902127
1066.396056	-488.3878133
1066.43329	-488.1880682
1066.470526	-487.9910347
1066.507765	-487.7967702
1066.545006	-487.6053324
1066.58225	-487.4167797
1066.619497	-487.2311707
1066.656747	-487.0485644
1066.693998	-486.8690203
1066.731253	-486.6925983
1066.76851	-486.5193587
1066.80577	-486.349362
1066.830569	-486.2380515
1066.843032	-486.1826695
1066.880297	-486.0193426
1066.917565	-485.8594431
1066.954835	-485.7030334
1066.992107	-485.5501762
1067.029383	-485.4009345
1067.066661	-485.255372
1067.103941	-485.1135525
1067.141224	-484.9755403
1067.17851	-484.8414002
1067.215799	-484.7111972
1067.25309	-484.584997
1067.290383	-484.4628655
1067.327679	-484.344869
1067.357503	-484.2535405
1067.364978	-484.2310743
1067.40228	-484.1215484
1067.439584	-484.0163591
1067.47689	-483.9155743
1067.514199	-483.8192623
1067.551511	-483.7274918
1067.588826	-483.6403322
1067.626143	-483.5578529
1067.663462	-483.4801239
1067.700785	-483.4072157
1067.73811	-483.339199
1067.775437	-483.276145
1067.812767	-483.2181253
1067.8501	-483.1652119
1067.884958	-483.120483
1067.924773	-483.074994
1067.962114	-483.0378355
1067.999457	-483.0060752
1068.036803	-482.9797873
1068.074151	-482.959046
1068.111502	-482.9439262
1068.148855	-482.9345031
1068.186212	-482.9308523
1068.223571	-482.9330497
1068.260932	-482.9411718
1068.298296	-482.9552953
1068.335663	-482.9754974
1068.373032	-483.0018557
1068.410404	-483.0344482
1068.447778	-483.0733532
1068.485155	-483.1186495
1068.522535	-483.1704163
1068.559918	-483.228733
1068.597303	-483.2936797
1068.63469	-483.3653367
1068.67208	-483.4437846
1068.709473	-483.5291047
1068.746869	-483.6213784
1068.784267	-483.7206875
1068.821667	-483.8271145
1068.859071	-483.9407419
1068.896477	-484.0616528
1068.933885	-484.1899306
1068.941433	-484.2167112
1068.971296	-484.3256592
1069.00871	-484.4689228
1069.046126	-484.619806
1069.083545	-484.7783938
1069.120967	-484.9447714
1069.158391	-485.1190248
1069.195818	-485.3012399
1069.233248	-485.4915034
1069.27068	-485.689902
1069.308114	-485.896523
1069.345552	-486.1114542
1069.382992	-486.3347835
1069.420434	-486.5665992
1069.457879	-486.8069903
1069.470454	-486.8896536
1069.495327	-487.0560457
1069.532778	-487.3138551
1069.570231	-487.5805083
1069.607687	-487.8560956
1069.645145	-488.1407076
1069.682606	-488.4344353
1069.720069	-488.7373702
1069.757536	-489.0496038
1069.795004	-489.3712284
1069.832476	-489.7023364
1069.86995	-490.0430206
1069.907427	-490.3933743
1069.944906	-490.753491
1069.982388	-491.1234646
1070	-491.3007309
1070.019872	-491.5033894
1070.05736	-491.8933601
1070.094849	-492.2934717
1070.132342	-492.7038195
1070.169837	-493.1244993
1070.207335	-493.5556071
1070.244835	-493.9972393
1070.282338	-494.4494928
1070.319844	-494.9124647
1070.357352	-495.3862525
1070.394863	-495.870954
1070.432376	-496.3666674
1070.469892	-496.8734912
1070.507411	-497.3915244
1070.544932	-497.9208661
1070.582456	-498.4616159
1070.619983	-499.0138738
1070.657512	-499.57774
1070.695044	-500.1533152
1070.732579	-500.7407001
1070.770116	-501.3399963
1070.807656	-501.9513051
1070.845198	-502.5747288
1070.882743	-503.2103694
1070.920291	-503.8583296
1070.957841	-504.5187125
1070.995394	-505.1916213
1071.03295	-505.8771595
1071.070508	-506.5754313
1071.108069	-507.2865408
1071.145632	-508.0105927
1071.183198	-508.7476919
1071.220767	-509.4979436
1071.258338	-510.2614535
1071.295912	-511.0383274
1071.333489	-511.8286716
1071.371068	-512.6325926
1071.40865	-513.4501973
1071.446235	-514.2815929
1071.483822	-515.1268869
1071.521412	-515.986187
1071.559004	-516.8596014
1071.5966	-517.7472386
1071.634197	-518.6492073
1071.671798	-519.5656165
1071.709401	-520.4965756
1071.747006	-521.4421943
1071.784615	-522.4025826
1071.822226	-523.3778508
1071.859839	-524.3681094
1071.897456	-525.3734693
1071.935074	-526.3940417
1071.972696	-527.4299381
1072.01032	-528.4812703
1072.047947	-529.5481504
1072.085576	-530.6306907
1072.123208	-531.7290039
1072.160843	-532.8432029
1072.19848	-533.9734011
1072.23612	-535.1197119
1072.273763	-536.2822492
1072.311408	-537.461127
1072.349056	-538.6564598
1072.386707	-539.8683623
1072.42436	-541.0969494
1072.462016	-542.3423364
1072.499675	-543.6046388
1072.537336	-544.8839723
1072.575	-546.1804531
1072.612666	-547.4941975
1072.650335	-548.8253221
1072.688007	-550.1739438
1072.725681	-551.5401798
1072.763358	-552.9241475
1072.801038	-554.3259646
1072.83872	-555.7457491
1072.876405	-557.1836192
1072.914093	-558.6396933
1072.951783	-560.1140903
1072.989476	-561.6069291
1073.027172	-563.1183291
1073.06487	-564.6484096
1073.102571	-566.1972906
1073.140274	-567.7650919
1073.17798	-569.351934
1073.215689	-570.9579373
1073.253401	-572.5832225
1073.291115	-574.2279108
1073.328831	-575.8921234
1073.366551	-577.5759817
1073.404273	-579.2796076
1073.441998	-581.003123
1073.479725	-582.7466501
1073.517455	-584.5103113
1073.555188	-586.2942295
1073.592923	-588.0985274
1073.630661	-589.9233282
1073.668402	-591.7687553
1073.706145	-593.6349323
1073.743891	-595.5219831
1073.78164	-597.4300315
1073.819391	-599.359202
1073.857145	-601.309619
1073.894901	-603.2814072
1073.93266	-605.2746915
1073.970422	-607.289597
1074.008187	-609.326249
1074.045954	-611.3847732
1074.083724	-613.4652951
1074.121496	-615.5679408
1074.159271	-617.6928363
1074.197049	-619.8401081
1074.23483	-622.0098827
1074.272613	-624.2022867
1074.310399	-626.4174471
1074.348187	-628.6554911
1074.385978	-630.9165458
1074.423772	-633.2007388
1074.461568	-635.5081977
1074.499367	-637.8390504
1074.537169	-640.1934248
1074.574974	-642.5714491
1074.612781	-644.9732518
1074.65059	-647.3989612
1074.688403	-649.8487061
1074.726218	-652.3226153
1074.764035	-654.8208179
1074.801856	-657.3434429
1074.839679	-659.8906197
1074.877504	-662.4624777
1074.915333	-665.0591466
1074.953164	-667.6807561
1074.990997	-670.3274361
1075.028834	-672.9993166
1075.066673	-675.6965277
1075.104514	-678.4191999
1075.142359	-681.1674633
1075.180206	-683.9414487
1075.218055	-686.7412867
1075.255908	-689.5671081
1075.293763	-692.4190436
1075.33162	-695.2972244
1075.369481	-698.2017815
1075.407344	-701.1328462
1075.445209	-704.0905497
1075.483078	-707.0750234
1075.520949	-710.0863988
1075.558822	-713.1248075
1075.596699	-716.1903811
1075.634578	-719.2832513
1075.672459	-722.4035499
1075.710344	-725.5514089
1075.74823	-728.72696
1075.78612	-731.9303353
1075.824012	-735.1616668
1075.861907	-738.4210865
1075.899805	-741.7087267
1075.937705	-745.0247194
1075.975608	-748.3691969
1076.013514	-751.7422913
1076.051422	-755.1441349
1076.089334	-758.57486
1076.127247	-762.0345988
1076.165164	-765.5234835
1076.203083	-769.0416465
1076.241004	-772.58922
1076.278929	-776.1663362
1076.316856	-779.7731274
1076.354785	-783.4097258
1076.392718	-787.0762635
1076.430653	-790.7728727
1076.468591	-794.4996854
1076.506531	-798.2568336
1076.544474	-802.0444494
1076.58242	-805.8626647
1076.620368	-809.7116111
1076.658319	-813.5914206
1076.696273	-817.5022248
1076.73423	-821.4441551
1076.772189	-825.4173431
1076.810151	-829.4219201
1076.848115	-833.4580174
1076.886082	-837.5257659
1076.924052	-841.6252967
1076.962025	-845.7567405
1077	-849.920228
